,Year,Month,Gas_Procution(Mmcf),Gas_Consumption(Mmcf)
0,2022,2,2856356,3040029.0
1,2022,1,3180818,3591557.0
2,2021,12,3266272,2979653.0
3,2021,11,3161306,2659971.0
4,2021,10,3219612,2237715.0
5,2021,9,3049920,2110187.0
6,2021,8,3172847,2410935.0
7,2021,7,3150909,2387996.0
8,2021,6,3036055,2214929.0
9,2021,5,3130208,2093777.0
10,2021,4,3035804,2238454.0
11,2021,3,3091762,2615634.0
12,2021,2,2586408,3041816.0
13,2021,1,3110352,3292364.0
14,2020,12,3088701,3167833.0
15,2020,11,2984528,2434877.0
16,2020,10,2991827,2320028.0
17,2020,9,2917569,2171842.0
18,2020,8,3011580,2401321.0
19,2020,7,3021331,2489307.0
20,2020,6,2873001,2130675.0
21,2020,5,2927037,2067048.0
22,2020,4,3011842,2240544.0
23,2020,3,3196236,2707481.0
24,2020,2,2984616,3041481.0
25,2020,1,3194177,3299777.0
26,2019,12,3234746,3170717.0
27,2019,11,3133926,2783754.0
28,2019,10,3186150,2306544.0
29,2019,9,3056535,2206252.0
30,2019,8,3146384,2433924.0
31,2019,7,3071698,2393904.0
32,2019,6,2956304,2119341.0
33,2019,5,3046445,2133985.0
34,2019,4,2925844,2212386.0
35,2019,3,3008808,2927812.0
36,2019,2,2705249,3019120.0
37,2019,1,2974830,3424302.0
38,2018,12,2975914,2999510.0
39,2018,11,2894098,2715942.0
40,2018,10,2939250,2285854.0
41,2018,9,2808817,2156063.0
42,2018,8,2855600,2313836.0
43,2018,7,2799146,2350719.0
44,2018,6,2655954,2063144.0
45,2018,5,2730667,2055019.0
46,2018,4,2612541,2350481.0
47,2018,3,2704217,2796708.0
48,2018,2,2414348,2710719.0
49,2018,1,2618315,3340935.0
50,2017,12,2662670,3086015.0
51,2017,11,2558771,2357258.0
52,2017,10,2564255,2031510.0
53,2017,9,2438213,1920466.0
54,2017,8,2476180,2093773.0
55,2017,7,2477573,2141595.0
56,2017,6,2373176,1910441.0
57,2017,5,2428739,1892010.0
58,2017,4,2350432,1932042.0
59,2017,3,2425799,2523331.0
60,2017,2,2142588,2340217.0
61,2017,1,2339431,2913823.0
62,2016,12,2357556,2866273.0
63,2016,11,2307494,2159445.0
64,2016,10,2364679,1925203.0
65,2016,9,2297402,1947752.0
66,2016,8,2389813,2208375.0
67,2016,7,2408915,2186616.0
68,2016,6,2312288,2000656.0
69,2016,5,2412475,1965799.0
70,2016,4,2361554,2083848.0
71,2016,3,2441976,2356298.0
72,2016,2,2310521,2652260.0
73,2016,1,2435375,3091695.0
74,2015,12,2434920,2588168.0
75,2015,11,2356237,2249140.0
76,2015,10,2445042,1987310.0
77,2015,9,2383531,1901337.0
78,2015,8,2447534,2052728.0
79,2015,7,2444753,2067714.0
80,2015,6,2358416,1899906.0
81,2015,5,2442713,1858149.0
82,2015,4,2398440,2007922.0
83,2015,3,2443119,2591329.0
84,2015,2,2196987,2925172.0
85,2015,1,2420352,3114982.0
86,2014,12,2410202,2679165.0
87,2014,11,2314517,2357521.0
88,2014,10,2407070,1912810.0
89,2014,9,2306544,1809291.0
90,2014,8,2384273,1933061.0
91,2014,7,2371359,1881017.0
92,2014,6,2247082,1745351.0
93,2014,5,2310058,1810222.0
94,2014,4,2247677,1961678.0
95,2014,3,2267138,2557890.0
96,2014,2,2033039,2741240.0
97,2014,1,2198795,3204129.0
98,2013,12,2177887,2920826.0
99,2013,11,2143606,2316909.0
100,2013,10,2192600,1866762.0
101,2013,9,2115463,1766973.0
102,2013,8,2191677,1927379.0
103,2013,7,2196404,1926330.0
104,2013,6,2084393,1742917.0
105,2013,5,2157048,1752469.0
106,2013,4,2094623,1967458.0
107,2013,3,2136856,2521108.0
108,2013,2,1935275,2567155.0
109,2013,1,2136400,2878785.0
110,2012,12,2152640,2503907.0
111,2012,11,2101833,2167841.0
112,2012,10,2168774,1901084.0
113,2012,9,2094289,1807208.0
114,2012,8,2151742,2008815.0
115,2012,7,2162384,2069773.0
116,2012,6,2039909,1868356.0
117,2012,5,2121367,1873835.0
118,2012,4,2044519,1953071.0
119,2012,3,2118693,2127761.0
120,2012,2,1974431,2500654.0
121,2012,1,2152698,2756180.0
122,2011,12,2134904,2541878.0
123,2011,11,2076152,2031872.0
124,2011,10,2118735,1744454.0
125,2011,9,1987134,1655634.0
126,2011,8,2056617,1891783.0
127,2011,7,2032795,1890515.0
128,2011,6,1954453,1657334.0
129,2011,5,2030695,1667396.0
130,2011,4,1960847,1825023.0
131,2011,3,2002359,2230493.0
132,2011,2,1728929,2452403.0
133,2011,1,1952732,2888640.0
134,2010,12,1984174,2714054.0
135,2010,11,1892658,1973294.0
136,2010,10,1956114,1664938.0
137,2010,9,1861038,1637491.0
138,2010,8,1917995,1878926.0
139,2010,7,1896082,1825828.0
140,2010,6,1802492,1649515.0
141,2010,5,1886476,1617274.0
142,2010,4,1813312,1691813.0
143,2010,3,1864519,2142925.0
144,2010,2,1682869,2480950.0
145,2010,1,1824143,2809788.0
146,2009,12,1802449,2491864.0
147,2009,11,1757520,1776171.0
148,2009,10,1814913,1666520.0
149,2009,9,1733980,1574975.0
150,2009,8,1842284,1736462.0
151,2009,7,1827798,1657997.0
152,2009,6,1791993,1527833.0
153,2009,5,1843327,1504000.0
154,2009,4,1783234,1741293.0
155,2009,3,1875053,2170709.0
156,2009,2,1704919,2332539.0
157,2009,1,1870465,2729715.0
158,2008,12,1826966,2399702.0
159,2008,11,1757942,1868947.0
160,2008,10,1754251,1635827.0
161,2008,9,1559028,1460924.0
162,2008,8,1826392,1682924.0
163,2008,7,1852724,1708641.0
164,2008,6,1760998,1604249.0
165,2008,5,1797917,1576387.0
166,2008,4,1740229,1823867.0
167,2008,3,1804065,2278151.0
168,2008,2,1666095,2503421.0
169,2008,1,1765447,2733970.0
170,2007,12,1775203,2399154.0
171,2007,11,1712314,1834529.0
172,2007,10,1733373,1627791.0
173,2007,9,1674745,1590484.0
174,2007,8,1712771,1896137.0
175,2007,7,1703237,1659882.0
176,2007,6,1666465,1555226.0
177,2007,5,1722549,1559080.0
178,2007,4,1626673,1810079.0
179,2007,3,1703085,2128845.0
180,2007,2,1513461,2566993.0
181,2007,1,1652470,2475594.0
182,2006,12,1685065,2122784.0
183,2006,11,1615322,1765375.0
184,2006,10,1675387,1644231.0
185,2006,9,1617442,1462070.0
186,2006,8,1656034,1751683.0
187,2006,7,1650313,1758733.0
188,2006,6,1614061,1550879.0
189,2006,5,1632139,1526297.0
190,2006,4,1570546,1681005.0
191,2006,3,1631383,2126369.0
192,2006,2,1450983,2144378.0
193,2006,1,1611000,2165268.0
194,2005,12,1592533,2326360.0
195,2005,11,1514407,1663400.0
196,2005,10,1475622,1428227.0
197,2005,9,1400941,1422495.0
198,2005,8,1619414,1695102.0
199,2005,7,1627427,1686609.0
200,2005,6,1611743,1534122.0
201,2005,5,1652081,1522613.0
202,2005,4,1614614,1724877.0
203,2005,3,1687347,2205787.0
204,2005,2,1498281,2242986.0
205,2005,1,1632685,2561858.0
206,2004,12,1626834,2327730.0
207,2004,11,1583720,1782796.0
208,2004,10,1620423,1557224.0
209,2004,9,1550376,1482150.0
210,2004,8,1654093,1577962.0
211,2004,7,1668490,1584933.0
212,2004,6,1619097,1483684.0
213,2004,5,1654209,1573043.0
214,2004,4,1629220,1745171.0
215,2004,3,1685174,2100921.0
216,2004,2,1551457,2511097.0
217,2004,1,1674398,2675834.0
218,2003,12,1673106,2263659.0
219,2003,11,1620085,1753642.0
220,2003,10,1694596,1553189.0
221,2003,9,1638825,1428554.0
222,2003,8,1701056,1651580.0
223,2003,7,1667181,1600484.0
224,2003,6,1646690,1368369.0
225,2003,5,1700460,1514697.0
226,2003,4,1665329,1743530.0
227,2003,3,1739241,2197936.0
228,2003,2,1537109,2500315.0
229,2003,1,1690682,2700545.0
230,2002,12,1694674,2378895.0
231,2002,11,1634246,1913629.0
232,2002,10,1630246,1645873.0
233,2002,9,1592968,1542170.0
234,2002,8,1684340,1725712.0
235,2002,7,1719187,1748435.0
236,2002,6,1648568,1591373.0
237,2002,5,1711242,1611453.0
238,2002,4,1644193,1880985.0
239,2002,3,1701456,2258431.0
240,2002,2,1522916,2242427.0
241,2002,1,1700744,2487638.0
242,2001,12,1723803,2120198.0
243,2001,11,1671377,1700950.0
244,2001,10,1757397,1649073.0
245,2001,9,1688682,1494128.0
246,2001,8,1737283,1669178.0
247,2001,7,1737185,1598071.0
248,2001,6,1685568,1444378.0
249,2001,5,1763141,1522382.0
250,2001,4,1703310,1807170.0
251,2001,3,1766754,2246633.0
252,2001,2,1582557,2309464.0
253,2001,1,1753237,2676998.0
